0.851784 -1.67757 -0.339195
-1.93035 0.297202 -0.215295
0.854982 -0.498694 -0.868952
0.490606 -1.36273 -0.689616
0.957703 -0.120384 -0.87583
0.753307 -1.71219 -0.353883
-1.22647 0.469589 -0.754198
1.43051 -0.700901 -0.604645
-1.21397 1.27229 -0.476331
-0.234503 1.60768 -0.583174
-1.22036 -0.996363 -0.616033
0.0615821 -1.34053 -0.741484
-0.0195451 -0.539288 -0.96291
1.04604 -0.110909 -0.850515
-0.869291 1.41303 -0.558498
1.35182 1.01242 -0.535626
-0.984125 -0.3489 -0.852902
-0.705404 0.13358 -0.933349
0.0605747 -0.608821 -0.952059
0.54474 -0.159132 -0.958897
-0.941778 -1.55004 -0.421435
-0.491201 0.0463719 -0.969094
0.97353 1.53862 -0.413787
-0.02292 1.51921 -0.650286
-1.35116 0.604751 -0.672428
1.47017 0.118849 -0.675364
-0.149261 0.492982 -0.966267
-0.595344 0.101469 -0.953319
-0.134327 -0.115083 -0.996081
-0.355595 1.88749 -0.278814
1.3293 1.4242 -0.226177
-0.278475 0.601643 -0.943461
0.274796 0.612337 -0.94201
1.01966 -1.66732 -0.212333
-0.00505144 -1.51812 -0.651013
1.68214 -1.07814 -0.0447794
-0.518835 -1.37609 -0.677713
1.38844 1.13528 -0.44254
-1.10218 -0.62992 -0.772723
-0.50629 -1.76377 -0.39774
1.16063 1.02281 -0.633796
1.23492 1.44637 -0.309435
-0.684399 -1.13486 -0.748949
-0.0449197 0.862632 -0.901921
-0.656726 0.214333 -0.938453
-0.538746 -0.531272 -0.925676
1.52329 0.803491 -0.508429
1.37494 0.154222 -0.722107
1.86316 0.344704 -0.320088
-1.42204 0.0473042 -0.702773
0.184483 -1.11817 -0.823963
1.79802 0.462636 -0.371852
-0.172256 0.934906 -0.879812
-0.382582 0.922432 -0.866422
-1.03164 -0.0542364 -0.856268
-1.0355 -1.68212 -0.156711
0.953825 -1.20893 -0.638104
0.443476 -0.490564 -0.943753
-1.5842 0.762591 -0.476643
-1.36818 -0.779471 -0.616545
1.36592 1.4183 -0.175131
-1.50613 1.18879 -0.282115
-0.15085 -1.11311 -0.827379
-0.0552055 0.352123 -0.983992
1.20985 -1.39344 -0.385552
-0.585183 1.4226 -0.639094
0.896912 1.06671 -0.717231
-0.711181 -0.778678 -0.849689
0.939985 0.519046 -0.843656
0.106609 -0.145964 -0.995908
-0.908442 -1.52089 -0.464121
0.861439 -0.902675 -0.781521
0.29159 0.332432 -0.975252
-1.74972 0.0989798 -0.481845
-1.83168 0.753368 -0.139106
0.358439 -0.978029 -0.853666
1.69488 -0.977162 -0.207682
-1.97989 -0.0396207 -0.140072
0.917423 -1.28561 -0.613503
-1.49896 0.748396 -0.546126
0.107146 1.08693 -0.83772
0.749705 0.449872 -0.899383
-0.94367 0.795777 -0.786801
-0.283427 0.513413 -0.956043
-0.710175 0.163012 -0.931273
-0.602114 -0.517922 -0.917771
-0.668049 -0.829746 -0.84635
-0.579156 -1.71991 -0.42026
-1.20642 1.28718 -0.471096
-0.740494 -1.00798 -0.780327
1.45792 -0.0475746 -0.684142
0.995428 0.275135 -0.856362
-1.72486 0.391422 -0.466809
0.906799 1.75608 -0.153211
-1.13436 0.527259 -0.780262
1.1247 0.323551 -0.810921
1.78091 -0.164135 -0.447609
1.11335 -1.45021 -0.405386
-1.46407 -0.74095 -0.571731
0.70656 -0.0676785 -0.934905
